(80, 2, np.float64(nan))
(80, 2, np.float64(-1.6405511678125002))
(80, 3, np.float64(-1.0890346775666402))
(80, 4, np.float64(-0.5450848073758486))
(80, 5, np.float64(0.01074890456541952))
(80, 6, np.float64(-0.25945987691536937))
(80, 10, np.float64(2.5615723003033724))
(80, 12, np.float64(3.3128899744721614))
(80, 15, np.float64(4.608395029946926))
(80, 20, np.float64(0.6911554876028426))
(80, 30, np.float64(4.23736137700023))

(0, 80, 15, np.float64(4.608395029946926))


(1, 80, 15, np.float64(3.3772595520116067))
(2, 80, 15, np.float64(3.3772595520116067))
(0, 80, 15, np.float64(2.117675306791462))　JPX400
(1, 80, 15, np.float64(3.3772595520116067))　TOPIX Core+Large
(0, 80, 15, np.float64(3.3772595520116067))
(0, 80, 60, np.float64(2.583067586681155))
(0, 80, 148, np.float64(1.6802757307767278))
(0, 80, 360, np.float64(0.01837563966567939))
(0, 80, 30, np.float64(1.597197873302227))
(0, 15, 80, np.float64(2.4191596420175987)) All
(0, 70, 15, np.float64(1.6123527973326526))
(0, 60, 15, np.float64(-2.9599307532683916))
(0, 50, 15, np.float64(-3.0341495496177515))
(0, 40, 15, np.float64(-3.032874543037879))
(0, 70, 15, np.float64(1.6123527973326526))
(1, 70, 15, np.float64(-2.1628247211195486))
(2, 70, 15, np.float64(-1.8561973492997157))
(0, 80, 15, np.float64(3.3772595520116067)) # Core + Large
(1, 80, 15, np.float64(2.408140980470397)) # Midi
(2, 80, 15, np.float64(-2.9385916358591286)) 
(0, 80, 15, np.float64(-2.9385916358591286))

(0, 80, 15, np.float64(-2.5097113684606187))
(0, 80, 15, np.float64(-2.2724679374578685))
(0, 80, 15, np.float64(nan))

(15, 70, np.float64(0.16596041040971055)),
 (30, 70, np.float64(0.18547379910793052)),
 (60, 70, np.float64(0.02245778716632938)),
 (147, 70, np.float64(-0.15652978592004074))15, 80, -0.026595116556804
30, 80, -0.009992151093614446
45, 80, -0.0020302396155591636
20, 80, -0.018950906081404244
10, 80, -0.03706518612927405
5, 80, -0.02044883376641135
15, 50, -0.0770253677969993
15, 60, 0.11203541494024721
30, 50, -0.16042559330287143
30, 60, -0.18578729960449145
20, 50, -0.12453749930171167
20, 60, -0.12815908141897253
10, 50, -0.015694946081409807
10, 60, 0.054085626129273895
5, 50, 0.029204551627489035
5, 60, 0.13420260731223793
4, 50, -0.04915477313074512
4, 60, -0.01920470611357614
3, 50, -0.15420998656889573
3, 60, -0.2149183684683648
2, 50, 0.23179017052928508
2, 60, -0.17244560698676828
1, 50, 0.3615598389800137
1, 60, -0.09840791954432923
1, 40, 0.04315932810835601
1, 70, 0.14631551397689566
1, 80, 0.03033140474918695
60, 40, 0.053404733260963316
60, 50, -0.01843150483783742
60, 60, 0.004734803205716378
60, 70, 0.02245778716632938
60, 80, 0.00407531609804441
60, 40, -7.472990008499006
60, 50, -7.472990008499006
60, 50, -7.472990008499006
60, 50, -7.472990008499006
60, 50, -8.741866248879615
60, 60, -32.734212203092916
60, 70, -81.82950106617123
60, 80, -183.32676972318035
45, 50, -8.741866248879615
45, 60, -28.337322303956164
45, 70, -81.82950106617123
45, 80, -183.32676972318035
30, 50, -8.741866248879615
30, 60, -32.1176710257283
30, 70, -81.82950106617123
30, 80, -183.32676972318035
20, 50, -8.741866248879615
20, 60, -29.791508314379335
20, 70, -81.82950106617123
20, 80, -183.32676972318035
15, 50, -8.319189099809314
15, 60, -28.86309682407735
15, 70, -81.82950106617123
15, 80, -183.32676972318035
10, 50, -8.39508220971196
10, 60, -30.599060783207456
10, 70, -81.82950106617123
10, 80, -183.32676972318035
5, 50, -7.884579137985795
5, 60, -22.82599906210801
5, 70, -83.44229254566352
5, 80, -183.32676972318035
1, 50, -8.122236775534217
1, 60, -23.452089117778332
1, 70, -58.32327867404334
1, 80, -183.32676972318035
60, 60, -32.734212203092916
60, 70, -81.82950106617123
60, 80, -183.32676972318035
5, 60, -22.82599906210801
5, 70, -83.44229254566352
5, 80, -183.32676972318035
1, 60, -23.452089117778332
60, 60, -34.445352471186524
60, 70, -78.08783484124822
60, 80, -185.39832439979796
5, 60, -35.63574606641937
5, 70, -78.74771053533283
5, 80, -185.39832439979796
1, 60, -25.363549771424896
1, 70, -84.0252105303828
1, 80, -185.39832439979796
